<html>
<head>
</head>
<body>
<svg height="1572" width="1572">

<g fill-rule="nonzero" fill="rgb(18,23,176)" fill-opacity="1">
  <path d="M589,1251 Q589,1225 606,1206 Q623,1187 649,1184 L658,1183 Q684,1183 703.5,1200 Q723,1217 728,1243 L728,1247 Q728,1275 710.5,1295 Q693,1315 666,1319 L657,1320 Q632,1320 613,1303 Q594,1286 590,1260 Z
M615,1055 Q615,1029 631.5,1008.5 Q648,988 674,984 L683,983 Q709,983 728.5,1000 Q748,1017 752,1043 L752,1049 Q752,1075 735.5,1095.5 Q719,1116 691,1120 L682,1121 Q656,1121 637.5,1103.5 Q619,1086 615,1061 Z
M560,859 Q560,833 577,813.5 Q594,794 620,790 L629,789 Q654,789 673,806 Q692,823 696,849 L697,858 Q697,884 680,902.5 Q663,921 637,925 L628,926 Q602,926 583,909 Q564,892 560,866 Z
M912,254 Q940,254 959.5,273.5 Q979,293 979,323 Q979,350 959.5,369.5 Q940,389 912,389 Q883,389 863,369.5 Q843,350 843,323 Q843,293 863,273.5 Q883,254 912,254 Z
M957,519 Q957,547 936.5,566.5 Q916,586 888,586 Q860,586 839.5,566.5 Q819,547 819,519 Q819,490 839.5,470 Q860,450 888,450 Q916,450 936.5,470 Q957,490 957,519 Z
M1008,711 Q1008,741 987.5,760.5 Q967,780 939,780 Q911,780 890.5,760.5 Q870,741 870,711 Q870,683 890.5,662.5 Q911,642 939,642 Q967,642 987.5,662.5 Q1008,683 1008,711 Z
M1126,871 Q1126,899 1106.5,919.5 Q1087,940 1057,940 Q1030,940 1010.5,919.5 Q991,899 991,871 Q991,843 1010.5,822.5 Q1030,802 1057,802 Q1087,802 1106.5,822.5 Q1126,843 1126,871 Z
M1301,972 Q1301,1000 1280.5,1019 Q1260,1038 1232,1038 Q1204,1038 1183.5,1019 Q1163,1000 1163,972 Q1163,943 1183.5,923 Q1204,903 1232,903 Q1260,903 1280.5,923 Q1301,943 1301,972 Z
M1075,168 Q1069,188 1052,202.5 Q1035,217 1011,217 Q983,217 962.5,197 Q942,177 942,148 Q942,136 947,123 Z
M157,517 Q189,533 196,569 L197,578 Q197,603 179.5,622 Q162,641 135,645 L118,645 Z
M494,1405 Q502,1388 516.5,1375.5 Q531,1363 551,1361 L560,1360 Q585,1360 604,1377 Q623,1394 627,1420 Q627,1428 626.5,1436 Q626,1444 622,1449 Z
M1409,1063 Q1389,1058 1374.5,1040.5 Q1360,1023 1360,999 Q1360,971 1380,950.5 Q1400,930 1429,930 Q1434,930 1440,931.5 Q1446,933 1453,935 Z
M437,699 Q437,673 454,654 Q471,635 497,633 L506,632 Q530,632 549.5,648.5 Q569,665 573,692 L574,701 Q574,726 557,745 Q540,764 514,768 L505,769 Q478,769 458.5,751.5 Q439,734 437,706 Z
M259,599 Q259,573 276.5,554.5 Q294,536 319,532 L325,532 Q351,532 371.5,548.5 Q392,565 396,593 L397,602 Q397,627 380,646 Q363,665 337,669 L331,669 Q305,669 284.5,652.5 Q264,636 260,608 Z" />
</g>

<g fill-rule="nonzero" fill="rgb(255,255,255)" fill-opacity="1">
  <path d="M590,1260 Q594,1286 613,1303 Q632,1320 657,1320 L666,1319 Q693,1315 710.5,1295 Q728,1275 728,1247 L728,1243 Q723,1217 703.5,1200 Q684,1183 658,1183 L649,1184 Q623,1187 606,1206 Q589,1225 589,1251 Z
M615,1061 Q619,1086 637.5,1103.5 Q656,1121 682,1121 L691,1120 Q719,1116 735.5,1095.5 Q752,1075 752,1049 L752,1043 Q748,1017 728.5,1000 Q709,983 683,983 L674,984 Q648,988 631.5,1008.5 Q615,1029 615,1055 Z
M560,866 Q564,892 583,909 Q602,926 628,926 L637,925 Q663,921 680,902.5 Q697,884 697,858 L696,849 Q692,823 673,806 Q654,789 629,789 L620,790 Q594,794 577,813.5 Q560,833 560,859 Z
M437,706 Q439,734 458.5,751.5 Q478,769 505,769 L514,768 Q540,764 557,745 Q574,726 574,701 L573,692 Q569,665 549.5,648.5 Q530,632 506,632 L497,633 Q471,635 454,654 Q437,673 437,699 Z
M260,608 Q264,636 284.5,652.5 Q305,669 331,669 L337,669 Q363,665 380,646 Q397,627 397,602 L396,593 Q392,565 371.5,548.5 Q351,532 325,532 L319,532 Q294,536 276.5,554.5 Q259,573 259,599 Z
M912,254 Q883,254 863,273.5 Q843,293 843,323 Q843,350 863,369.5 Q883,389 912,389 Q940,389 959.5,369.5 Q979,350 979,323 Q979,293 959.5,273.5 Q940,254 912,254 Z
M957,519 Q957,490 936.5,470 Q916,450 888,450 Q860,450 839.5,470 Q819,490 819,519 Q819,547 839.5,566.5 Q860,586 888,586 Q916,586 936.5,566.5 Q957,547 957,519 Z
M1008,711 Q1008,683 987.5,662.5 Q967,642 939,642 Q911,642 890.5,662.5 Q870,683 870,711 Q870,741 890.5,760.5 Q911,780 939,780 Q967,780 987.5,760.5 Q1008,741 1008,711 Z
M1126,871 Q1126,843 1106.5,822.5 Q1087,802 1057,802 Q1030,802 1010.5,822.5 Q991,843 991,871 Q991,899 1010.5,919.5 Q1030,940 1057,940 Q1087,940 1106.5,919.5 Q1126,899 1126,871 Z
M1301,972 Q1301,943 1280.5,923 Q1260,903 1232,903 Q1204,903 1183.5,923 Q1163,943 1163,972 Q1163,1000 1183.5,1019 Q1204,1038 1232,1038 Q1260,1038 1280.5,1019 Q1301,1000 1301,972 Z
M784,1471 Q743,1471 702,1465 Q661,1459 622,1449 Q626,1444 626.5,1436 Q627,1428 627,1420 Q623,1394 604,1377 Q585,1360 560,1360 L551,1361 Q531,1363 516.5,1375.5 Q502,1388 494,1405 Q407,1365 335,1301.5 Q263,1238 210.5,1158 Q158,1078 129,984 Q100,890 100,787 Q100,750 104,714 Q108,678 118,645 L135,645 Q162,641 179.5,622 Q197,603 197,578 L196,569 Q189,533 157,517 Q197,426 260.5,349.5 Q324,273 405.5,217.5 Q487,162 583,131.5 Q679,101 784,101 Q827,101 867.5,107.5 Q908,114 947,123 Q942,136 942,148 Q942,177 962.5,197 Q983,217 1011,217 Q1035,217 1052,202.5 Q1069,188 1075,168 Q1162,209 1234,272.5 Q1306,336 1358,416 Q1410,496 1439,590 Q1468,684 1468,787 Q1468,862 1453,935 Q1446,933 1440,931.5 Q1434,930 1429,930 Q1400,930 1380,950.5 Q1360,971 1360,999 Q1360,1023 1374.5,1040.5 Q1389,1058 1409,1063 Q1369,1153 1306,1228 Q1243,1303 1162,1357 Q1081,1411 985,1441 Q889,1471 784,1471 Z" />
</g>

<g fill-rule="nonzero" fill="rgb(132,132,132)" fill-opacity="1">
  <path d="M784,0 Q893,0 994,28 Q1095,56 1182.5,107.5 Q1270,159 1341.5,230.5 Q1413,302 1464.5,389.5 Q1516,477 1544,577.5 Q1572,678 1572,787 Q1572,895 1544,995.5 Q1516,1096 1464.5,1183 Q1413,1270 1341.5,1342 Q1270,1414 1182.5,1465 Q1095,1516 994,1544 Q893,1572 784,1572 Q676,1572 575.5,1544 Q475,1516 388,1465 Q301,1414 229.5,1342 Q158,1270 107,1183 Q56,1096 28,995.5 Q0,895 0,787 Q0,678 28,577.5 Q56,477 107,389.5 Q158,302 229.5,230.5 Q301,159 388,107.5 Q475,56 575.5,28 Q676,0 784,0 Z
M784,1471 Q889,1471 985,1441 Q1081,1411 1162,1357 Q1243,1303 1306,1228 Q1369,1153 1409,1063 L1453,935 Q1468,862 1468,787 Q1468,684 1439,590 Q1410,496 1358,416 Q1306,336 1234,272.5 Q1162,209 1075,168 L947,123 Q908,114 867.5,107.5 Q827,101 784,101 Q679,101 583,131.5 Q487,162 405.5,217.5 Q324,273 260.5,349.5 Q197,426 157,517 L118,645 Q108,678 104,714 Q100,750 100,787 Q100,890 129,984 Q158,1078 210.5,1158 Q263,1238 335,1301.5 Q407,1365 494,1405 L622,1449 Q661,1459 702,1465 Q743,1471 784,1471 Z" />
</g>

</svg>
</body>
</html>
