<html>
<head>
</head>
<body>
<svg height="1220" width="1840">

<g fill-rule="nonzero" fill="rgb(61,198,165)" fill-opacity="1">
  <path d="M1692,369 Q1763,428 1801.5,498 Q1840,568 1840,644 Q1840,714 1807,784 Q1774,854 1714,918 Q1654,982 1570,1037.5 Q1486,1093 1383.5,1133.5 Q1281,1174 1163.5,1197 Q1046,1220 920,1220 Q792,1220 674.5,1197 Q557,1174 455,1133.5 Q353,1093 269,1037.5 Q185,982 125,918 Q65,854 32.5,784 Q0,714 0,644 Q0,566 39,495.5 Q78,425 152,364 Q144,344 139.5,320 Q135,296 135,270 Q135,214 154,164.5 Q173,115 205.5,78.5 Q238,42 282,21 Q326,0 376,0 Q413,0 447,12.5 Q481,25 510,47.5 Q539,70 561,101 Q583,132 597,169 Q672,155 752,146 Q832,137 920,137 Q1007,137 1089,146 Q1171,155 1247,172 Q1260,134 1282,102.5 Q1304,71 1332.5,48 Q1361,25 1395.5,12.5 Q1430,0 1468,0 Q1518,0 1562,21 Q1606,42 1638.5,78.5 Q1671,115 1690,164.5 Q1709,214 1709,270 Q1709,296 1704.5,321 Q1700,346 1692,369 Z
M1471,125 Q1437,125 1407,141 Q1377,157 1354,184.5 Q1331,212 1317.5,249.5 Q1304,287 1303,329 Q1310,325 1325.5,316 Q1341,307 1363.5,299 Q1386,291 1413.5,284.5 Q1441,278 1471,278 Q1500,278 1526.5,284 Q1553,290 1575,298 Q1597,306 1612.5,314 Q1628,322 1636,327 Q1635,285 1621.5,248.5 Q1608,212 1585.5,184.5 Q1563,157 1533.5,141 Q1504,125 1471,125 Z
M1636,337 Q1628,342 1612.5,350.5 Q1597,359 1575,367 Q1553,375 1526.5,381.5 Q1500,388 1471,388 Q1441,388 1413.5,381.5 Q1386,375 1363.5,366 Q1341,357 1325.5,348.5 Q1310,340 1303,337 Q1304,378 1317.5,414.5 Q1331,451 1354,478 Q1377,505 1407,520.5 Q1437,536 1471,536 Q1504,536 1533.5,520.5 Q1563,505 1585.5,478 Q1608,451 1621.5,414.5 Q1635,378 1636,337 Z
M369,125 Q334,125 303,141.5 Q272,158 249,186 Q226,214 212.5,251 Q199,288 199,329 Q203,327 218,319 Q233,311 256,302 Q279,293 308.5,285.5 Q338,278 371,278 Q402,278 430.5,284.5 Q459,291 481.5,299.5 Q504,308 519.5,316.5 Q535,325 541,329 Q541,288 527.5,251 Q514,214 491,186 Q468,158 436.5,141.5 Q405,125 369,125 Z
M541,334 Q535,338 519.5,347 Q504,356 481.5,365 Q459,374 430.5,381 Q402,388 371,388 Q338,388 308.5,380 Q279,372 256,362.5 Q233,353 218,344 Q203,335 199,332 Q199,374 212.5,411.5 Q226,449 249,476.5 Q272,504 303,520 Q334,536 369,536 Q404,536 434.5,520 Q465,504 488.5,476.5 Q512,449 526,412.5 Q540,376 541,334 Z
M1692,745 Q1692,732 1682,722.5 Q1672,713 1658,713 Q1643,713 1633,722.5 Q1623,732 1623,745 Q1623,760 1588.5,779.5 Q1554,799 1486.5,817.5 Q1419,836 1320,852 Q1221,868 1092,875 Q1066,846 1020.5,827.5 Q975,809 920,809 Q864,809 817.5,827.5 Q771,846 745,875 Q616,868 517,852 Q418,836 351.5,817.5 Q285,799 250.5,779.5 Q216,760 216,745 Q216,732 205.5,722.5 Q195,713 182,713 Q167,713 157,722.5 Q147,732 147,745 Q147,776 171,801.5 Q195,827 237,847 Q279,867 335,882.5 Q391,898 454,909 Q517,920 585,927.5 Q653,935 718,942 Q718,970 734,994 Q750,1018 777.5,1036 Q805,1054 841.5,1064.5 Q878,1075 920,1075 Q961,1075 997.5,1064.5 Q1034,1054 1061,1036 Q1088,1018 1103.5,994 Q1119,970 1119,942 Q1185,935 1253,927.5 Q1321,920 1384.5,909 Q1448,898 1504,882.5 Q1560,867 1602,847 Q1644,827 1668,801.5 Q1692,776 1692,745 Z" />
</g>

<g fill-rule="nonzero" fill="rgb(55,211,255)" fill-opacity="1">
  <path d="M1471,125 Q1504,125 1533.5,141 Q1563,157 1585.5,184.5 Q1608,212 1621.5,248.5 Q1635,285 1636,327 Q1628,322 1612.5,314 Q1597,306 1575,298 Q1553,290 1526.5,284 Q1500,278 1471,278 Q1441,278 1413.5,284.5 Q1386,291 1363.5,299 Q1341,307 1325.5,316 Q1310,325 1303,329 Q1304,287 1317.5,249.5 Q1331,212 1354,184.5 Q1377,157 1407,141 Q1437,125 1471,125 Z
M1636,337 Q1635,378 1621.5,414.5 Q1608,451 1585.5,478 Q1563,505 1533.5,520.5 Q1504,536 1471,536 Q1437,536 1407,520.5 Q1377,505 1354,478 Q1331,451 1317.5,414.5 Q1304,378 1303,337 Q1310,340 1325.5,348.5 Q1341,357 1363.5,366 Q1386,375 1413.5,381.5 Q1441,388 1471,388 Q1500,388 1526.5,381.5 Q1553,375 1575,367 Q1597,359 1612.5,350.5 Q1628,342 1636,337 Z
M369,125 Q405,125 436.5,141.5 Q468,158 491,186 Q514,214 527.5,251 Q541,288 541,329 Q535,325 519.5,316.5 Q504,308 481.5,299.5 Q459,291 430.5,284.5 Q402,278 371,278 Q338,278 308.5,285.5 Q279,293 256,302 Q233,311 218,319 Q203,327 199,329 Q199,288 212.5,251 Q226,214 249,186 Q272,158 303,141.5 Q334,125 369,125 Z
M541,334 Q540,376 526,412.5 Q512,449 488.5,476.5 Q465,504 434.5,520 Q404,536 369,536 Q334,536 303,520 Q272,504 249,476.5 Q226,449 212.5,411.5 Q199,374 199,332 Q203,335 218,344 Q233,353 256,362.5 Q279,372 308.5,380 Q338,388 371,388 Q402,388 430.5,381 Q459,374 481.5,365 Q504,356 519.5,347 Q535,338 541,334 Z" />
</g>

</svg>
</body>
</html>
