<html>
<head>
</head>
<body>
<svg height="1823" width="1987">

<g fill-rule="nonzero" fill="rgb(63,67,63)" fill-opacity="1">
  <path d="M672,695 Q672,673 680.5,652.5 Q689,632 703.5,617 Q718,602 737,593 Q756,584 778,584 Q800,584 820,593 Q840,602 854,617 Q868,632 876.5,652.5 Q885,673 885,695 Q885,718 876.5,738 Q868,758 854,773 Q840,788 820,797 Q800,806 778,806 Q756,806 737,797 Q718,788 703.5,773 Q689,758 680.5,738 Q672,718 672,695 Z
M1099,695 Q1099,673 1107.5,652.5 Q1116,632 1130,617 Q1144,602 1163.5,593 Q1183,584 1205,584 Q1227,584 1246.5,593 Q1266,602 1280.5,617 Q1295,632 1303.5,652.5 Q1312,673 1312,695 Q1312,718 1303.5,738 Q1295,758 1280.5,773 Q1266,788 1246.5,797 Q1227,806 1205,806 Q1183,806 1163.5,797 Q1144,788 1130,773 Q1116,758 1107.5,738 Q1099,718 1099,695 Z
M840,1001 Q840,989 851.5,978 Q863,967 883,958.5 Q903,950 930,945.5 Q957,941 988,941 Q1019,941 1046,945.5 Q1073,950 1093,958.5 Q1113,967 1125,978 Q1137,989 1137,1001 Q1137,1014 1125,1025 Q1113,1036 1093,1044 Q1073,1052 1046,1056.5 Q1019,1061 988,1061 Q957,1061 930,1056.5 Q903,1052 883,1044 Q863,1036 851.5,1025 Q840,1014 840,1001 Z
M1971,550 Q1987,601 1987,655 Q1987,703 1974.5,750 Q1962,797 1938.5,840 Q1915,883 1881.5,919.5 Q1848,956 1806,984 Q1807,1013 1807,1041.5 Q1807,1070 1807,1098 Q1807,1193 1772,1274.5 Q1737,1356 1679,1424.5 Q1621,1493 1547.5,1549.5 Q1474,1606 1397,1650 Q1217,1754 988,1823 Q758,1754 578,1650 Q501,1606 427.5,1549.5 Q354,1493 296,1424.5 Q238,1356 203,1274.5 Q168,1193 168,1098 L168,977 Q87,921 43.5,837 Q0,753 0,659 Q0,631 4,604 Q8,577 17,549 Q35,494 68,449 Q101,404 144.5,372 Q188,340 240.5,322 Q293,304 349,302 Q394,234 453.5,178.5 Q513,123 590,83 Q667,43 762.5,21.5 Q858,0 975,0 L986,0 Q1106,1 1203.5,24 Q1301,47 1379.5,87.5 Q1458,128 1519,184.5 Q1580,241 1627,309 L1632,309 Q1690,309 1743.5,325.5 Q1797,342 1842,373.5 Q1887,405 1920.5,449.5 Q1954,494 1971,550 Z
M219,795 Q240,783 258.5,761 Q277,739 290.5,711 Q304,683 312,651.5 Q320,620 320,589 L320,584 Q318,534 298,505.5 Q278,477 247,477 Q229,477 210,487 Q190,499 172,521 Q154,543 140.5,570.5 Q127,598 119.5,629.5 Q112,661 112,692 L112,697 Q114,748 133.5,776.5 Q153,805 183,805 Q200,805 219,795 Z
M1321,1033 Q1363,1011 1397.5,975.5 Q1432,940 1457.5,895.5 Q1483,851 1497,799 Q1511,747 1511,691 Q1511,613 1485,544.5 Q1459,476 1414.5,425.5 Q1370,375 1310,345.5 Q1250,316 1182,316 Q1126,316 1078,334.5 Q1030,353 988,388 Q947,353 898.5,334.5 Q850,316 796,316 Q728,316 668,345.5 Q608,375 563.5,425.5 Q519,476 493,544.5 Q467,613 467,691 Q467,747 481,799 Q495,851 520,895.5 Q545,940 580,975.5 Q615,1011 657,1033 L657,1248 Q657,1316 683,1376.5 Q709,1437 753.5,1482 Q798,1527 858.5,1553 Q919,1579 988,1579 Q1057,1579 1117.5,1553 Q1178,1527 1223,1482 Q1268,1437 1294.5,1376.5 Q1321,1316 1321,1248 Z
M1768,795 Q1785,805 1803,805 Q1833,805 1853,776.5 Q1873,748 1875,697 L1875,694 Q1875,663 1867,631.5 Q1859,600 1845.5,572 Q1832,544 1813.5,521.5 Q1795,499 1774,487 Q1755,477 1737,477 Q1707,477 1688,505.5 Q1669,534 1667,584 L1667,589 Q1667,620 1674.5,651.5 Q1682,683 1695.5,711 Q1709,739 1727.5,761 Q1746,783 1768,795 Z
M1234,1192 Q1245,1192 1252.5,1202.5 Q1260,1213 1260,1229 Q1260,1268 1248.5,1303 Q1237,1338 1217,1364 Q1197,1390 1170,1405.5 Q1143,1421 1113,1421 L1082,1421 Q1071,1446 1049.5,1460 Q1028,1474 999,1474 Q970,1474 947.5,1460 Q925,1446 914,1421 L874,1421 Q844,1421 817,1405.5 Q790,1390 769.5,1364 Q749,1338 737.5,1303 Q726,1268 726,1229 Q726,1213 735,1202.5 Q744,1192 755,1192 Q766,1192 775,1208.5 Q784,1225 784,1241 Q792,1271 805,1295 Q816,1315 835,1332 Q854,1349 883,1349 L888,1349 Q890,1349 898.5,1348.5 Q907,1348 920,1348 Q933,1328 953.5,1316.5 Q974,1305 999,1305 Q1022,1305 1042.5,1316.5 Q1063,1328 1075,1348 Q1083,1348 1090,1348 Q1097,1348 1102,1349 Q1106,1352 1113,1352 Q1133,1352 1150,1342.5 Q1167,1333 1179.5,1316 Q1192,1299 1199,1277 Q1206,1255 1206,1229 Q1206,1213 1214.5,1202.5 Q1223,1192 1234,1192 Z" />
</g>

<g fill-rule="nonzero" fill="rgb(205,223,255)" fill-opacity="1">
  <path d="M672,695 Q672,718 680.5,738 Q689,758 703.5,773 Q718,788 737,797 Q756,806 778,806 Q800,806 820,797 Q840,788 854,773 Q868,758 876.5,738 Q885,718 885,695 Q885,673 876.5,652.5 Q868,632 854,617 Q840,602 820,593 Q800,584 778,584 Q756,584 737,593 Q718,602 703.5,617 Q689,632 680.5,652.5 Q672,673 672,695 Z
M1099,695 Q1099,718 1107.5,738 Q1116,758 1130,773 Q1144,788 1163.5,797 Q1183,806 1205,806 Q1227,806 1246.5,797 Q1266,788 1280.5,773 Q1295,758 1303.5,738 Q1312,718 1312,695 Q1312,673 1303.5,652.5 Q1295,632 1280.5,617 Q1266,602 1246.5,593 Q1227,584 1205,584 Q1183,584 1163.5,593 Q1144,602 1130,617 Q1116,632 1107.5,652.5 Q1099,673 1099,695 Z
M840,1001 Q840,1014 851.5,1025 Q863,1036 883,1044 Q903,1052 930,1056.5 Q957,1061 988,1061 Q1019,1061 1046,1056.5 Q1073,1052 1093,1044 Q1113,1036 1125,1025 Q1137,1014 1137,1001 Q1137,989 1125,978 Q1113,967 1093,958.5 Q1073,950 1046,945.5 Q1019,941 988,941 Q957,941 930,945.5 Q903,950 883,958.5 Q863,967 851.5,978 Q840,989 840,1001 Z
M219,795 Q200,805 183,805 Q153,805 133.5,776.5 Q114,748 112,697 L112,692 Q112,661 119.5,629.5 Q127,598 140.5,570.5 Q154,543 172,521 Q190,499 210,487 Q229,477 247,477 Q278,477 298,505.5 Q318,534 320,584 L320,589 Q320,620 312,651.5 Q304,683 290.5,711 Q277,739 258.5,761 Q240,783 219,795 Z
M1321,1248 Q1321,1316 1294.5,1376.5 Q1268,1437 1223,1482 Q1178,1527 1117.5,1553 Q1057,1579 988,1579 Q919,1579 858.5,1553 Q798,1527 753.5,1482 Q709,1437 683,1376.5 Q657,1316 657,1248 L657,1033 Q615,1011 580,975.5 Q545,940 520,895.5 Q495,851 481,799 Q467,747 467,691 Q467,613 493,544.5 Q519,476 563.5,425.5 Q608,375 668,345.5 Q728,316 796,316 Q850,316 898.5,334.5 Q947,353 988,388 Q1030,353 1078,334.5 Q1126,316 1182,316 Q1250,316 1310,345.5 Q1370,375 1414.5,425.5 Q1459,476 1485,544.5 Q1511,613 1511,691 Q1511,747 1497,799 Q1483,851 1457.5,895.5 Q1432,940 1397.5,975.5 Q1363,1011 1321,1033 Z
M1768,795 Q1746,783 1727.5,761 Q1709,739 1695.5,711 Q1682,683 1674.5,651.5 Q1667,620 1667,589 L1667,584 Q1669,534 1688,505.5 Q1707,477 1737,477 Q1755,477 1774,487 Q1795,499 1813.5,521.5 Q1832,544 1845.5,572 Q1859,600 1867,631.5 Q1875,663 1875,694 L1875,697 Q1873,748 1853,776.5 Q1833,805 1803,805 Q1785,805 1768,795 Z
M1234,1192 Q1223,1192 1214.5,1202.5 Q1206,1213 1206,1229 Q1206,1255 1199,1277 Q1192,1299 1179.5,1316 Q1167,1333 1150,1342.5 Q1133,1352 1113,1352 Q1106,1352 1102,1349 Q1097,1348 1090,1348 Q1083,1348 1075,1348 Q1063,1328 1042.5,1316.5 Q1022,1305 999,1305 Q974,1305 953.5,1316.5 Q933,1328 920,1348 Q907,1348 898.5,1348.5 Q890,1349 888,1349 L883,1349 Q854,1349 835,1332 Q816,1315 805,1295 Q792,1271 784,1241 Q784,1225 775,1208.5 Q766,1192 755,1192 Q744,1192 735,1202.5 Q726,1213 726,1229 Q726,1268 737.5,1303 Q749,1338 769.5,1364 Q790,1390 817,1405.5 Q844,1421 874,1421 L914,1421 Q925,1446 947.5,1460 Q970,1474 999,1474 Q1028,1474 1049.5,1460 Q1071,1446 1082,1421 L1113,1421 Q1143,1421 1170,1405.5 Q1197,1390 1217,1364 Q1237,1338 1248.5,1303 Q1260,1268 1260,1229 Q1260,1213 1252.5,1202.5 Q1245,1192 1234,1192 Z" />
</g>

</svg>
</body>
</html>
